[10,-2,0]
-1,-1,0,0|||uid://r7nghw4xp45r
[11,-2,0]
-1,-1,-1,0|||uid://r7nghw4xp45r
[12,-2,0]
0,-1,-1,0|||uid://r7nghw4xp45r
[10,-1,0]
-1,-1,0,-1|||uid://r7nghw4xp45r
[11,-1,0]
-1,-1,-1,-1|||uid://r7nghw4xp45r
[12,-1,0]
1,-1,-1,-1|||uid://r7nghw4xp45r
[10,0,0]
-1,-1,0,-1|||uid://r7nghw4xp45r
[11,0,0]
-1,-1,-1,-1|||uid://r7nghw4xp45r
[12,0,0]
0,-1,-1,-1|||uid://r7nghw4xp45r
[10,1,0]
-1,-1,1,-1|||uid://r7nghw4xp45r
[11,1,0]
-1,-1,-1,-1|||uid://r7nghw4xp45r
[12,1,0]
0,-1,-1,-1|||uid://r7nghw4xp45r
[10,2,0]
-1,0,0,-1|||uid://r7nghw4xp45r
[11,2,0]
-1,0,-1,-1|||uid://r7nghw4xp45r
[12,2,0]
0,0,-1,-1|||uid://r7nghw4xp45r
[13,-2,0]
-1,-1,0,0|||uid://cten012ixbe5s
[14,-2,0]
-1,-1,-1,0|||uid://cten012ixbe5s
[15,-2,0]
-1,-1,-1,0|||uid://cten012ixbe5s
[16,-2,0]
-1,-1,-1,0|||uid://cten012ixbe5s
[17,-2,0]
-1,-1,-1,0|||uid://cten012ixbe5s
[18,-2,0]
-1,-1,-1,0|||uid://cten012ixbe5s
[19,-2,0]
0,-1,-1,0|||uid://cten012ixbe5s
[13,-1,0]
-1,0,1,-1|||uid://cten012ixbe5s
[14,-1,0]
-1,0,-1,-1|||uid://cten012ixbe5s
[15,-1,0]
-1,0,-1,-1|||uid://cten012ixbe5s
[16,-1,0]
-1,0,-1,-1|||uid://cten012ixbe5s
[17,-1,0]
-1,0,-1,-1|||uid://cten012ixbe5s
[18,-1,0]
-1,0,-1,-1|||uid://cten012ixbe5s
[19,-1,0]
0,0,-1,-1|||uid://cten012ixbe5s
[7,1,0]
-1,0,0,0|||uid://b7su4dgdrleyc
[8,1,0]
-1,0,-1,0|||uid://b7su4dgdrleyc
[9,1,0]
1,0,-1,0|||uid://b7su4dgdrleyc
